a
00000000000000111111100000000000
00000000000000111111100000000000
00000000011111111111111110000000
00000001111111111111111111100000
00000011111111111111111111111000
00001111111111111111111111111100
00001111111111111111111111111100
00001111111111111111111111111100
00011111111000000000001111111110
00111111110000000000000011111110
00111111100000000000000001111110
00111111000000000000000001111110
00111111000000000000000001111110
01111110000000000000000000111110
01111110000000000000000000111110
00000110000000000000000000111110
00000000000000000000000000111110
00000000000000000000000000111110
00000000000000000000000000111110
00000000000000000000000001111110
00000000000000000000011111111110
00000000000000111111111111111110
00000000011111111111111111111110
00000011111111111111111111111110
00000011111111111111111111111110
00001111111111111111111111111110
00011111111111111111111000111110
00111111111111111100000000111110
01111111111000000000000000111110
01111111100000000000000000111110
01111111100000000000000000111110
11111110000000000000000000111110
11111110000000000000000000111110
11111100000000000000000001111110
11111100000000000000000001111110
11111100000000000000000011111110
11111100000000000000000011111110
11111100000000000000000111111110
11111110000000000000001111111110
11111111000000000000011111111110
01111111100000000001111111111110
01111111111111111111111110111110
01111111111111111111111110111110
00111111111111111111111100011110
00011111111111111111111000011111
00001111111111111111100000011111
00000011111111111110000000011111
00000000011111100000000000000000

b
11111100000000000000000000000000
11111100000000000000000000000000
11111100000000000000000000000000
11111100000000000000000000000000
11111100000000000000000000000000
11111100000000000000000000000000
11111100000000000000000000000000
11111100000000000000000000000000
11111100000000000000000000000000
11111100000000000000000000000000
11111100000000000000000000000000
11111100000000000000000000000000
11111100000000111110000000000000
11111100000111111111110000000000
11111100011111111111111100000000
11111100111111111111111111000000
11111101111111111111111111100000
11111111111111111111111111110000
11111111111100000001111111110000
11111111100000000000001111111000
11111111000000000000000111111100
11111110000000000000000011111100
11111110000000000000000011111110
11111100000000000000000001111110
11111100000000000000000001111110
11111100000000000000000001111110
11111100000000000000000000111111
11111000000000000000000000111111
11111000000000000000000000111111
11111000000000000000000000111111
11111000000000000000000000111111
11111000000000000000000000111111
11111000000000000000000000111111
11111000000000000000000000111111
11111000000000000000000000111110
11111100000000000000000001111110
11111100000000000000000001111110
11111100000000000000000001111110
11111110000000000000000011111100
11111111000000000000000111111100
11111111100000000000001111111000
11111111110000000000011111111000
11111111111100000001111111110000
11111011111111111111111111100000
11111001111111111111111111000000
11111000111111111111111110000000
11111000011111111111111100000000
00000000000000111110000000000000

c
00000000000000111111000000000000
00000000000000111111000000000000
00000000001111111111111100000000
00000000111111111111111110000000
00000001111111111111111111100000
00000111111111111111111111110000
00000111111111111111111111110000
00001111111111111111111111111000
00001111111110000000011111111000
00011111111000000000001111111100
00011111110000000000000011111100
00111111100000000000000011111110
00111111100000000000000011111110
00111111000000000000000001111110
01111111000000000000000001111110
01111110000000000000000000100000
01111110000000000000000000000000
01111110000000000000000000000000
01111110000000000000000000000000
11111100000000000000000000000000
11111100000000000000000000000000
11111100000000000000000000000000
11111100000000000000000000000000
11111100000000000000000000000000
11111100000000000000000000000000
11111100000000000000000000000000
11111100000000000000000000000000
11111100000000000000000000000000
11111100000000000000000000000000
11111100000000000000000000000000
11111100000000000000000000000000
01111110000000000000000000110000
01111110000000000000000000111111
01111110000000000000000000111111
01111110000000000000000001111111
00111111000000000000000001111110
00111111000000000000000001111110
00111111100000000000000011111110
00111111110000000000000011111100
00011111111000000000001111111100
00001111111110000000011111111000
00001111111111111111111111111000
00001111111111111111111111111000
00000111111111111111111111110000
00000001111111111111111111100000
00000000111111111111111110000000
00000000001111111111111000000000
00000000000000111111000000000000

d
00000000000000000000000000111111
00000000000000000000000000111111
00000000000000000000000000111111
00000000000000000000000000111111
00000000000000000000000000111111
00000000000000000000000000111111
00000000000000000000000000111111
00000000000000000000000000111111
00000000000000000000000000111111
00000000000000000000000000111111
00000000000000000000000000111111
00000000000000000000000000111111
00000000000011111100000000111111
00000000011111111111000000111111
00000001111111111111110000111111
00000011111111111111111000111111
00000111111111111111111100111111
00001111111111111111111111111111
00011111111100000000111111111111
00111111100000000000000111111111
00111111000000000000000111111111
01111111000000000000000011111111
01111110000000000000000001111111
01111110000000000000000001111111
11111100000000000000000000111111
11111100000000000000000000111111
11111100000000000000000000111111
11111100000000000000000000111111
11111100000000000000000000111111
11111100000000000000000000111111
11111100000000000000000000111111
11111100000000000000000000111111
11111100000000000000000000111111
11111100000000000000000000111111
11111100000000000000000000111111
11111100000000000000000000111111
11111110000000000000000000111111
01111110000000000000000001111111
01111111000000000000000011111111
00111111100000000000000011111111
00111111110000000000000111111111
00011111111000000000001111111111
00001111111100000000111111111111
00001111111111111111111110111111
00000111111111111111111100111111
00000011111111111111111100111111
00000000111111111111110000111111
00000000000001111100000000000000

e
00000000000000111110000000000000
00000000000000111110000000000000
00000000001111111111111000000000
00000000111111111111111110000000
00000001111111111111111111000000
00000011111111111111111111100000
00000011111111111111111111100000
00000111111111111111111111110000
00001111111110000000111111111000
00011111111000000000001111111100
00011111110000000000000111111100
00111111100000000000000011111110
00111111100000000000000011111110
00111111000000000000000001111110
01111110000000000000000000111110
01111110000000000000000000111110
01111110000000000000000000111110
11111100000000000000000000111110
11111100000000000000000000111110
11111100000000000000000000011110
11111111111111111111111111111111
11111111111111111111111111111111
11111111111111111111111111111111
11111111111111111111111111111111
11111111111111111111111111111111
11111111111111111111111111111111
11111111111111111111111111111111
11111100000000000000000000000000
11111100000000000000000000000000
11111100000000000000000000000000
11111100000000000000000000000000
11111100000000000000000000000000
01111110000000000000000000000000
01111110000000000000000000110000
01111111000000000000000000111110
01111111000000000000000001111110
01111111000000000000000001111110
00111111100000000000000001111110
00111111110000000000000011111110
00011111111000000000000111111110
00001111111110000000011111111100
00001111111111111111111111111000
00001111111111111111111111111000
00000111111111111111111111110000
00000001111111111111111111100000
00000000111111111111111111000000
00000000001111111111111100000000
00000000000000111111000000000000

f
00000000000000000000011111111100
00000000000000001111111111111111
00000000000001111111111111111111
00000000000111111111111111111111
00000000000111111111111111111111
00000000001111111111111111111110
00000000001111111111100000000000
00000000001111111110000000000000
00000000001111111110000000000000
00000000001111111110000000000000
00000000001111111100000000000000
00000000001111111100000000000000
00000000001111111100000000000000
00000000001111111100000000000000
11111111111111111111111111110000
11111111111111111111111111110000
11111111111111111111111111110000
11111111111111111111111111110000
11111111111111111111111111110000
00000000001111111100000000000000
00000000001111111100000000000000
00000000001111111100000000000000
00000000001111111100000000000000
00000000001111111100000000000000
00000000001111111100000000000000
00000000001111111100000000000000
00000000001111111100000000000000
00000000001111111100000000000000
00000000001111111100000000000000
00000000001111111100000000000000
00000000001111111100000000000000
00000000001111111100000000000000
00000000001111111100000000000000
00000000001111111100000000000000
00000000001111111100000000000000
00000000001111111100000000000000
00000000001111111100000000000000
00000000001111111100000000000000
00000000001111111100000000000000
00000000001111111100000000000000
00000000001111111100000000000000
00000000001111111100000000000000
00000000001111111100000000000000
00000000001111111100000000000000
00000000001111111100000000000000
00000000001111111100000000000000
00000000001111111100000000000000
00000000001111111100000000000000

g
00000000000001111100000000000000
00000000011111111111100000011111
00000001111111111111111000011111
00000011111111111111111110011111
00000111111111111111111111011111
00001111111111111111111111111111
00011111111100000000111111111111
00011111110000000000001111111111
00111111000000000000000011111111
01111111000000000000000011111111
01111110000000000000000001111111
01111110000000000000000001111111
11111100000000000000000000111111
11111100000000000000000000111111
11111100000000000000000000111111
11111100000000000000000000111111
11111000000000000000000000011111
11111000000000000000000000011111
11111000000000000000000000011111
11111100000000000000000000011111
11111100000000000000000000111111
11111100000000000000000000111111
11111100000000000000000000111111
11111100000000000000000000111111
01111110000000000000000001111111
01111111000000000000000001111111
00111111000000000000000011111111
00111111100000000000000111111111
00011111110000000000001111111111
00011111111100000000111111111111
00001111111111111111111111111111
00000111111111111111111110111111
00000001111111111111111000111111
00000000011111111111100000111111
00000000000011111100000000111111
00000000000000000000000000111111
00000000000000000000000000111111
00000000000000000000000000111110
01000000000000000000000001111110
01111110000000000000000001111110
01111110000000000000000111111100
01111111000000000000001111111100
00111111110000000000111111111000
00111111111111111111111111111000
00011111111111111111111111110000
00001111111111111111111111000000
00000011111111111111111110000000
00000000000011111110000000000000

h
11111110000000000000000000000000
11111110000000000000000000000000
11111110000000000000000000000000
11111110000000000000000000000000
11111110000000000000000000000000
11111110000000000000000000000000
11111110000000000000000000000000
11111110000000000000000000000000
11111110000000000000000000000000
11111110000000000000000000000000
11111110000000000000000000000000
11111110000000000000000000000000
11111110000000000111110000000000
11111110000001111111111111000000
11111110000111111111111111100000
11111110011111111111111111111000
11111110111111111111111111111100
11111111111111111111111111111100
11111111111110000000001111111110
11111111111000000000000111111110
11111111110000000000000011111110
11111111100000000000000001111111
11111111000000000000000001111111
11111111000000000000000000111111
11111110000000000000000000111111
11111110000000000000000000111111
11111110000000000000000000111111
11111110000000000000000000111111
11111110000000000000000000111111
11111110000000000000000000111111
11111110000000000000000000111111
11111110000000000000000000111111
11111110000000000000000000111111
11111110000000000000000000111111
11111110000000000000000000111111
11111110000000000000000000111111
11111110000000000000000000111111
11111110000000000000000000111111
11111110000000000000000000111111
11111110000000000000000000111111
11111110000000000000000000111111
11111110000000000000000000111111
11111110000000000000000000111111
11111110000000000000000000111111
11111110000000000000000000111111
11111110000000000000000000111111
11111110000000000000000000111111
11111110000000000000000000111111

i
11111111111111111111111111111111
11111111111111111111111111111111
11111111111111111111111111111111
11111111111111111111111111111111
11111111111111111111111111111111
11111111111111111111111111111111
00000000000000000000000000000000
00000000000000000000000000000000
00000000000000000000000000000000
00000000000000000000000000000000
00000000000000000000000000000000
00000000000000000000000000000000
00000000000000000000000000000000
11111111111111111111111111111111
11111111111111111111111111111111
11111111111111111111111111111111
11111111111111111111111111111111
11111111111111111111111111111111
11111111111111111111111111111111
11111111111111111111111111111111
11111111111111111111111111111111
11111111111111111111111111111111
11111111111111111111111111111111
11111111111111111111111111111111
11111111111111111111111111111111
11111111111111111111111111111111
11111111111111111111111111111111
11111111111111111111111111111111
11111111111111111111111111111111
11111111111111111111111111111111
11111111111111111111111111111111
11111111111111111111111111111111
11111111111111111111111111111111
11111111111111111111111111111111
11111111111111111111111111111111
11111111111111111111111111111111
11111111111111111111111111111111
11111111111111111111111111111111
11111111111111111111111111111111
11111111111111111111111111111111
11111111111111111111111111111111
11111111111111111111111111111111
11111111111111111111111111111111
11111111111111111111111111111111
11111111111111111111111111111111
11111111111111111111111111111111
11111111111111111111111111111111
11111111111111111111111111111111

j
00000000000000000000111111111111
00000000000000000000111111111111
00000000000000000000111111111111
00000000000000000000111111111111
00000000000000000000111111111111
00000000000000000000000000000000
00000000000000000000000000000000
00000000000000000000000000000000
00000000000000000000000000000000
00000000000000000000000000000000
00000000000000000000111111111111
00000000000000000000111111111111
00000000000000000000111111111111
00000000000000000000111111111111
00000000000000000000111111111111
00000000000000000000111111111111
00000000000000000000111111111111
00000000000000000000111111111111
00000000000000000000111111111111
00000000000000000000111111111111
00000000000000000000111111111111
00000000000000000000111111111111
00000000000000000000111111111111
00000000000000000000111111111111
00000000000000000000111111111111
00000000000000000000111111111111
00000000000000000000111111111111
00000000000000000000111111111111
00000000000000000000111111111111
00000000000000000000111111111111
00000000000000000000111111111111
00000000000000000000111111111111
00000000000000000000111111111111
00000000000000000000111111111111
00000000000000000000111111111111
00000000000000000000111111111111
00000000000000000000111111111111
00000000000000000000111111111111
00000000000000000000111111111111
00000000000000000000111111111111
00000000000000000000111111111111
00000000000000000000111111111111
00000000000000000111111111111111
00000000000000011111111111111110
00011111111111111111111111111110
00011111111111111111111111111000
11111111111111111111111111100000
00000111111111111000000000000000

k
11111110000000000000000000000000
11111110000000000000000000000000
11111110000000000000000000000000
11111110000000000000000000000000
11111110000000000000000000000000
11111110000000000000000000000000
11111110000000000000000000000000
11111110000000000000000000000000
11111110000000000000000000000000
11111110000000000000000000000000
11111110000000000000000000000000
11111110000000000000000000000000
11111110000000000000000000000000
11111110000000000000000111111100
11111110000000000000001111111000
11111110000000000000011111110000
11111110000000000000111111100000
11111110000000000001111111000000
11111110000000000011111110000000
11111110000000000111111100000000
11111110000000011111111000000000
11111110000000111111110000000000
11111110000001111111100000000000
11111110000011111111000000000000
11111110001111111100000000000000
11111110011111111000000000000000
11111110111111111000000000000000
11111111111111111100000000000000
11111111111111111100000000000000
11111111111111111110000000000000
11111111111111111111000000000000
11111111110011111111000000000000
11111111100001111111100000000000
11111111000000111111110000000000
11111110000000111111110000000000
11111110000000011111111000000000
11111110000000000111111100000000
11111110000000000011111110000000
11111110000000000011111111000000
11111110000000000001111111000000
11111110000000000000111111100000
11111110000000000000111111110000
11111110000000000000011111110000
11111110000000000000001111111000
11111110000000000000001111111000
11111110000000000000000111111100
11111110000000000000000011111110
11111110000000000000000001111111

l
11111111111111111111111111111111
11111111111111111111111111111111
11111111111111111111111111111111
11111111111111111111111111111111
11111111111111111111111111111111
11111111111111111111111111111111
11111111111111111111111111111111
11111111111111111111111111111111
11111111111111111111111111111111
11111111111111111111111111111111
11111111111111111111111111111111
11111111111111111111111111111111
11111111111111111111111111111111
11111111111111111111111111111111
11111111111111111111111111111111
11111111111111111111111111111111
11111111111111111111111111111111
11111111111111111111111111111111
11111111111111111111111111111111
11111111111111111111111111111111
11111111111111111111111111111111
11111111111111111111111111111111
11111111111111111111111111111111
11111111111111111111111111111111
11111111111111111111111111111111
11111111111111111111111111111111
11111111111111111111111111111111
11111111111111111111111111111111
11111111111111111111111111111111
11111111111111111111111111111111
11111111111111111111111111111111
11111111111111111111111111111111
11111111111111111111111111111111
11111111111111111111111111111111
11111111111111111111111111111111
11111111111111111111111111111111
11111111111111111111111111111111
11111111111111111111111111111111
11111111111111111111111111111111
11111111111111111111111111111111
11111111111111111111111111111111
11111111111111111111111111111111
11111111111111111111111111111111
11111111111111111111111111111111
11111111111111111111111111111111
11111111111111111111111111111111
11111111111111111111111111111111
11111111111111111111111111111111

m
00000000011110000000000111100000
00000000011110000000000111100000
11110001111111000000011111111000
11110001111111110000011111111100
11110011111111110001111111111100
11110111111111111001111111111110
11110111111111111001111111111110
11111111111111111001111111111110
11111111000001111111110000111110
11111110000001111111100000011111
11111100000000111111000000001111
11111100000000111111000000001111
11111100000000111110000000001111
11111000000000111110000000001111
11111000000000111110000000001111
11111000000000111110000000001111
11111000000000111110000000001111
11110000000000111100000000001111
11110000000000111100000000001111
11110000000000111100000000001111
11110000000000111100000000001111
11110000000000111100000000001111
11110000000000111100000000001111
11110000000000111100000000001111
11110000000000111100000000001111
11110000000000111100000000001111
11110000000000111100000000001111
11110000000000111100000000001111
11110000000000111100000000001111
11110000000000111100000000001111
11110000000000111100000000001111
11110000000000111100000000001111
11110000000000111100000000001111
11110000000000111100000000001111
11110000000000111100000000001111
11110000000000111100000000001111
11110000000000111100000000001111
11110000000000111100000000001111
11110000000000111100000000001111
11110000000000111100000000001111
11110000000000111100000000001111
11110000000000111100000000001111
11110000000000111100000000001111
11110000000000111100000000001111
11110000000000111100000000001111
11110000000000111100000000001111
11110000000000111100000000001111
11110000000000111100000000001111

n
00000000000000011111110000000000
00000000000000011111110000000000
11111100000011111111111111000000
11111100001111111111111111100000
11111100011111111111111111111000
11111100111111111111111111111100
11111100111111111111111111111100
11111101111111111111111111111100
11111111111110000000001111111110
11111111111000000000000111111110
11111111110000000000000011111110
11111111110000000000000011111110
11111111100000000000000001111111
11111111000000000000000001111111
11111111000000000000000000111111
11111111000000000000000000111111
11111111000000000000000000111111
11111110000000000000000000111111
11111110000000000000000000111111
11111110000000000000000000111111
11111110000000000000000000111111
11111110000000000000000000111111
11111110000000000000000000111111
11111110000000000000000000111111
11111110000000000000000000111111
11111110000000000000000000111111
11111110000000000000000000111111
11111110000000000000000000111111
11111110000000000000000000111111
11111110000000000000000000111111
11111110000000000000000000111111
11111110000000000000000000111111
11111110000000000000000000111111
11111110000000000000000000111111
11111110000000000000000000111111
11111110000000000000000000111111
11111110000000000000000000111111
11111110000000000000000000111111
11111110000000000000000000111111
11111110000000000000000000111111
11111110000000000000000000111111
11111110000000000000000000111111
11111110000000000000000000111111
11111110000000000000000000111111
11111110000000000000000000111111
11111110000000000000000000111111
11111110000000000000000000111111
11111110000000000000000000111111

o
00000000000000111110000000000000
00000000000000111110000000000000
00000000001111111111111000000000
00000000111111111111111110000000
00000011111111111111111111000000
00000111111111111111111111100000
00000111111111111111111111100000
00001111111111111111111111110000
00011111111110000000111111111000
00011111111000000000001111111100
00111111110000000000000111111110
00111111100000000000000011111110
00111111100000000000000011111110
01111111000000000000000001111110
01111110000000000000000001111110
01111110000000000000000000111110
11111100000000000000000000111110
11111100000000000000000000011111
11111100000000000000000000011111
11111100000000000000000000011111
11111100000000000000000000011111
11111100000000000000000000011111
11111100000000000000000000011111
11111100000000000000000000011111
11111100000000000000000000011111
11111100000000000000000000011111
11111100000000000000000000011111
11111100000000000000000000011111
11111100000000000000000000011111
11111100000000000000000000011111
11111100000000000000000000011111
11111100000000000000000000011111
11111100000000000000000000111110
01111110000000000000000000111110
01111110000000000000000001111110
01111111000000000000000001111110
01111111000000000000000001111110
00111111100000000000000011111110
00111111110000000000000111111110
00011111111000000000001111111100
00011111111110000000111111111000
00001111111111111111111111111000
00001111111111111111111111111000
00000111111111111111111111110000
00000011111111111111111111000000
00000000111111111111111110000000
00000000001111111111111000000000
00000000000000111110000000000000

p
00000000000000111110000000000000
11111000000111111111110000000000
11111000011111111111111100000000
11111000111111111111111111000000
11111001111111111111111111100000
11111001111111111111111111110000
11111111111100000001111111110000
11111111110000000000011111111000
11111111100000000000001111111000
11111111000000000000000111111100
11111110000000000000000011111110
11111100000000000000000001111110
11111100000000000000000001111110
11111100000000000000000001111110
11111100000000000000000000111111
11111000000000000000000000111111
11111000000000000000000000111111
11111000000000000000000000111111
11111000000000000000000000111111
11111000000000000000000000111111
11111000000000000000000000111111
11111000000000000000000000111111
11111000000000000000000000111110
11111100000000000000000001111110
11111100000000000000000001111110
11111100000000000000000001111110
11111110000000000000000011111100
11111110000000000000000011111100
11111111000000000000000111111100
11111111110000000000011111111000
11111111111100000001111111110000
11111111111111111111111111100000
11111101111111111111111111000000
11111100111111111111111110000000
11111100011111111111111100000000
11111100000111111111110000000000
11111100000000111110000000000000
11111100000000000000000000000000
11111100000000000000000000000000
11111100000000000000000000000000
11111100000000000000000000000000
11111100000000000000000000000000
11111100000000000000000000000000
11111100000000000000000000000000
11111100000000000000000000000000
11111100000000000000000000000000
11111100000000000000000000000000
11111100000000000000000000000000

q
00000000000001111100000000000000
00000000011111111111100000111111
00000001111111111111110000111111
00000011111111111111111000111111
00000111111111111111111100111111
00001111111111111111111110111111
00011111111100000001111111111111
00011111111000000000011111111111
00111111100000000000001111111111
00111111100000000000000111111111
01111110000000000000000001111111
01111110000000000000000001111111
11111110000000000000000001111111
11111100000000000000000000111111
11111100000000000000000000111111
11111100000000000000000000111111
11111100000000000000000000111111
11111100000000000000000000111111
11111100000000000000000000111111
11111100000000000000000000111111
11111100000000000000000000111111
11111100000000000000000000111111
11111100000000000000000000111111
11111100000000000000000000111111
01111110000000000000000000111111
01111110000000000000000001111111
01111110000000000000000001111111
00111111000000000000000011111111
00111111100000000000000011111111
00011111111000000000001111111111
00001111111110000000111111111111
00000111111111111111111111111111
00000011111111111111111110111111
00000001111111111111111100111111
00000000111111111111110000111111
00000000001111111111100000111111
00000000000001111100000000111111
00000000000000000000000000111111
00000000000000000000000000111111
00000000000000000000000000111111
00000000000000000000000000111111
00000000000000000000000000111111
00000000000000000000000000111111
00000000000000000000000000111111
00000000000000000000000000111111
00000000000000000000000000111111
00000000000000000000000000111111
00000000000000000000000000111111

r
00000000000000000000011111110000
00000000000000000000011111110000
11111111100000001111111111111110
11111111100000111111111111111111
11111111100001111111111111111111
11111111100001111111111111111111
11111111100001111111111111111111
11111111100111111111111111111110
11111111111111111100000000001110
11111111111111110000000000000000
11111111111111000000000000000000
11111111111111000000000000000000
11111111111110000000000000000000
11111111111110000000000000000000
11111111111110000000000000000000
11111111111000000000000000000000
11111111111000000000000000000000
11111111111000000000000000000000
11111111111000000000000000000000
11111111111000000000000000000000
11111111111000000000000000000000
11111111111000000000000000000000
11111111111000000000000000000000
11111111111000000000000000000000
11111111111000000000000000000000
11111111111000000000000000000000
11111111111000000000000000000000
11111111111000000000000000000000
11111111111000000000000000000000
11111111111000000000000000000000
11111111111000000000000000000000
11111111111000000000000000000000
11111111111000000000000000000000
11111111111000000000000000000000
11111111111000000000000000000000
11111111111000000000000000000000
11111111111000000000000000000000
11111111111000000000000000000000
11111111111000000000000000000000
11111111111000000000000000000000
11111111111000000000000000000000
11111111111000000000000000000000
11111111111000000000000000000000
11111111111000000000000000000000
11111111111000000000000000000000
11111111111000000000000000000000
11111111111000000000000000000000
11111111111000000000000000000000

s
00000000000011111111000000000000
00000000000011111111000000000000
00000000111111111111111000000000
00000011111111111111111111000000
00000111111111111111111111100000
00001111111111111111111111110000
00001111111111111111111111110000
00011111111111111111111111111000
00011111110000000000011111111000
00111111100000000000001111111100
00111111000000000000000111111100
00111110000000000000000011111100
00111110000000000000000011111100
00111110000000000000000011111100
00111110000000000000000001000000
00111111000000000000000000000000
00111111100000000000000000000000
00111111111000000000000000000000
00111111111000000000000000000000
00111111111111100000000000000000
00011111111111111110000000000000
00001111111111111111111000000000
00000111111111111111111110000000
00000011111111111111111111110000
00000011111111111111111111110000
00000000111111111111111111111000
00000000000111111111111111111100
00000000000000011111111111111110
00000000000000000001111111111110
00000000000000000000000111111111
00000000000000000000000111111111
00000000000000000000000001111111
00000000000000000000000001111111
00000100000000000000000000111111
11111110000000000000000000111111
11111110000000000000000000111111
11111110000000000000000000111111
11111111000000000000000000111111
11111111000000000000000001111110
00111111110000000000000011111110
00111111111000000000001111111100
00011111111111111111111111111100
00011111111111111111111111111100
00001111111111111111111111111000
00000111111111111111111111110000
00000011111111111111111111000000
00000000111111111111111100000000
00000000000011111111000000000000

t
00000000000000001111000000000000
00000000000000111111000000000000
00000000001111111111000000000000
00000000111111111111000000000000
00000000111111111111000000000000
00000000111111111111000000000000
00000000111111111111000000000000
00000000111111111111000000000000
00000000111111111111000000000000
00000000111111111111000000000000
00000000111111111111000000000000
00000000111111111111000000000000
11111111111111111111111111111110
11111111111111111111111111111110
11111111111111111111111111111110
11111111111111111111111111111110
11111111111111111111111111111110
00000000111111111111000000000000
00000000111111111111000000000000
00000000111111111111000000000000
00000000111111111111000000000000
00000000111111111111000000000000
00000000111111111111000000000000
00000000111111111111000000000000
00000000111111111111000000000000
00000000111111111111000000000000
00000000111111111111000000000000
00000000111111111111000000000000
00000000111111111111000000000000
00000000111111111111000000000000
00000000111111111111000000000000
00000000111111111111000000000000
00000000111111111111000000000000
00000000111111111111000000000000
00000000111111111111000000000000
00000000111111111111000000000000
00000000111111111111000000000000
00000000111111111111000000000000
00000000111111111111000000000000
00000000111111111111000000000000
00000000111111111111000000000000
00000000111111111111000000000000
00000000111111111111110000000000
00000000001111111111111111111110
00000000001111111111111111111111
00000000001111111111111111111111
00000000000011111111111111111111
00000000000000000000111111111110

u
11111110000000000000000000111111
11111110000000000000000000111111
11111110000000000000000000111111
11111110000000000000000000111111
11111110000000000000000000111111
11111110000000000000000000111111
11111110000000000000000000111111
11111110000000000000000000111111
11111110000000000000000000111111
11111110000000000000000000111111
11111110000000000000000000111111
11111110000000000000000000111111
11111110000000000000000000111111
11111110000000000000000000111111
11111110000000000000000000111111
11111110000000000000000000111111
11111110000000000000000000111111
11111110000000000000000000111111
11111110000000000000000000111111
11111110000000000000000000111111
11111110000000000000000000111111
11111110000000000000000000111111
11111110000000000000000000111111
11111110000000000000000000111111
11111110000000000000000000111111
11111110000000000000000000111111
11111110000000000000000000111111
11111110000000000000000000111111
11111110000000000000000000111111
11111110000000000000000000111111
11111110000000000000000001111111
11111110000000000000000001111111
11111110000000000000000001111111
11111110000000000000000001111111
11111110000000000000000001111111
11111110000000000000000011111111
11111111000000000000000011111111
11111111000000000000000011111111
11111111100000000000000111111111
00111111100000000000011111111111
00111111111000000000111111111111
00011111111111111111111110111111
00011111111111111111111110111111
00011111111111111111111100111111
00001111111111111111111000111111
00000111111111111111110000111111
00000001111111111111000000111111
00000000000111111000000000000000

v
11111110000000000000000000011111
11111110000000000000000000011111
01111110000000000000000000111110
01111110000000000000000000111110
01111111000000000000000000111110
01111111000000000000000000111110
00111111000000000000000001111110
00111111000000000000000001111110
00011111100000000000000001111100
00011111100000000000000011111100
00011111100000000000000011111100
00011111100000000000000011111100
00001111110000000000000011111000
00001111110000000000000111111000
00001111110000000000000111111000
00001111110000000000000111111000
00000111111000000000001111110000
00000111111000000000001111110000
00000111111000000000001111110000
00000111111000000000001111110000
00000011111100000000011111100000
00000011111100000000011111100000
00000001111110000000011111000000
00000001111110000000111111000000
00000001111110000000111111000000
00000001111110000000111111000000
00000000111111000000111110000000
00000000111111000001111110000000
00000000111111000001111110000000
00000000111111000001111110000000
00000000011111100001111100000000
00000000011111100011111100000000
00000000001111100011111000000000
00000000001111100011111000000000
00000000001111110011111000000000
00000000001111110111111000000000
00000000000111110111110000000000
00000000000111110111110000000000
00000000000111110111110000000000
00000000000111111111110000000000
00000000000011111111100000000000
00000000000011111111100000000000
00000000000011111111100000000000
00000000000011111111100000000000
00000000000001111111000000000000
00000000000001111111000000000000
00000000000000111110000000000000
00000000000000111110000000000000

w
11110000000000011100000000000111
11110000000000011100000000000111
01111000000000011100000000001111
01111000000000011100000000001111
01111000000000011100000000001110
01111000000000011100000000001110
00111000000000111110000000001110
00111000000000111110000000001110
00111000000000111110000000001110
00111000000000111110000000001110
00111000000000111110000000001110
00111100000000111111000000011110
00111100000000110111000000011100
00011100000000110111000000011100
00011110000001110111000000011100
00011110000001110111000000011100
00011110000001110111000000011100
00001110000001100111000000011100
00001110000001100111000000111100
00001110000001100111000000111100
00001110000011100011100000111000
00001110000011100011100000111000
00001110000011100011100001111000
00001111000011100011110001110000
00001111000011100011110001110000
00001111000011100011110001110000
00000111000011000011110001110000
00000111000111000011110001110000
00000111100111000001110001110000
00000111100111000001110001110000
00000111100111000001110001100000
00000111100111000001110011100000
00000111101111000001110011100000
00000111101111000001110011100000
00000011101111000000111011100000
00000011101110000000111111100000
00000011101110000000111111100000
00000001111110000000111111000000
00000001111110000000111111000000
00000001111110000000111111000000
00000001111100000000111111000000
00000001111100000000111110000000
00000001111100000000011110000000
00000001111100000000011110000000
00000001111100000000011110000000
00000000111100000000011110000000
00000000111100000000011110000000
00000000111100000000001110000000

x
01111111000000000000000001111110
01111111000000000000000001111110
00111111100000000000000011111110
00011111110000000000000111111100
00011111110000000000000111111100
00011111110000000000000111111100
00001111111000000000001111111000
00000111111100000000011111110000
00000111111100000000011111110000
00000011111110000000111111100000
00000011111110000000111111100000
00000001111110000001111111000000
00000001111111000001111111000000
00000000111111100011111110000000
00000000011111100111111100000000
00000000011111100111111100000000
00000000011111110111111100000000
00000000001111111111111000000000
00000000000111111111110000000000
00000000000111111111110000000000
00000000000111111111100000000000
00000000000011111111100000000000
00000000000001111111000000000000
00000000000001111111000000000000
00000000000001111111000000000000
00000000000001111111000000000000
00000000000011111111100000000000
00000000000111111111110000000000
00000000000111111111110000000000
00000000000111111111110000000000
00000000001111110111111000000000
00000000011111110111111100000000
00000000111111100011111100000000
00000000111111100011111100000000
00000000111111100001111110000000
00000001111111000001111111000000
00000011111110000000111111100000
00000011111110000000111111100000
00000011111110000000111111100000
00000111111100000000011111110000
00001111111000000000001111111000
00001111111000000000001111111000
00011111110000000000000111111100
00011111110000000000000111111100
00111111100000000000000011111110
00111111100000000000000011111110
01111111000000000000000001111110
11111110000000000000000000111111

y
11111100000000000000000000011111
11111100000000000000000000011111
11111110000000000000000000111110
01111110000000000000000000111110
01111110000000000000000000111110
00111111000000000000000001111110
00111111000000000000000001111110
00111111000000000000000001111100
00011111100000000000000011111100
00011111100000000000000011111100
00001111110000000000000111111000
00001111110000000000000111110000
00000111111000000000001111110000
00000111111000000000001111110000
00000111111000000000001111100000
00000011111100000000011111100000
00000011111100000000011111100000
00000011111100000000011111000000
00000001111110000000111111000000
00000001111110000000111110000000
00000000111111000001111110000000
00000000111111000001111100000000
00000000011111000001111100000000
00000000011111100011111100000000
00000000011111100011111000000000
00000000001111100011111000000000
00000000001111110111111000000000
00000000001111110111110000000000
00000000000111111111110000000000
00000000000011111111100000000000
00000000000011111111100000000000
00000000000011111111000000000000
00000000000001111111000000000000
00000000000001111111000000000000
00000000000001111110000000000000
00000000000001111110000000000000
00000000000001111110000000000000
00000000000001111100000000000000
00000000000011111000000000000000
00000000000011111000000000000000
00000000000111111000000000000000
00000000001111110000000000000000
00000000011111110000000000000000
00111111111111100000000000000000
00111111111111000000000000000000
00111111111111000000000000000000
00011111111110000000000000000000
00001111100000000000000000000000

z
01111111111111111111111111111110
01111111111111111111111111111110
01111111111111111111111111111110
01111111111111111111111111111110
01111111111111111111111111111110
01111111111111111111111111111110
01111111111111111111111111111110
01111111111111111111111111111110
00000000000000000000000111111100
00000000000000000000001111111000
00000000000000000000001111111000
00000000000000000000011111110000
00000000000000000000111111100000
00000000000000000001111111000000
00000000000000000011111110000000
00000000000000000011111110000000
00000000000000000111111110000000
00000000000000001111111100000000
00000000000000001111111000000000
00000000000000001111111000000000
00000000000000011111110000000000
00000000000000111111100000000000
00000000000001111111000000000000
00000000000011111110000000000000
00000000000011111110000000000000
00000000000111111100000000000000
00000000001111111100000000000000
00000000011111111000000000000000
00000000111111110000000000000000
00000000111111110000000000000000
00000001111111100000000000000000
00000001111111000000000000000000
00000011111110000000000000000000
00000011111110000000000000000000
00000111111100000000000000000000
00001111111000000000000000000000
00011111111000000000000000000000
00111111110000000000000000000000
00111111110000000000000000000000
01111111100000000000000000000000
11111111000000000000000000000000
11111111111111111111111111111111
11111111111111111111111111111111
11111111111111111111111111111111
11111111111111111111111111111111
11111111111111111111111111111111
11111111111111111111111111111111
11111111111111111111111111111111

A
00000000000000111100000000000000
00000000000000111100000000000000
00000000000001111110000000000000
00000000000001111110000000000000
00000000000011111111000000000000
00000000000011111111000000000000
00000000000011111111000000000000
00000000000011111111000000000000
00000000000011101111000000000000
00000000000111100111100000000000
00000000000111100111100000000000
00000000000111100111100000000000
00000000001111000011110000000000
00000000001111000011110000000000
00000000001111000011110000000000
00000000001111000011110000000000
00000000011110000011111000000000
00000000011110000001111000000000
00000000011110000001111100000000
00000000111100000000111100000000
00000000111100000000111100000000
00000000111100000000111100000000
00000000111100000000111100000000
00000000111100000000111110000000
00000001111000000000011111000000
00000001111000000000011111000000
00000011110000000000001111000000
00000011110000000000001111000000
00000011111111111111111111000000
00000011111111111111111111100000
00000011111111111111111111100000
00000111111111111111111111100000
00000111111111111111111111110000
00001111111111111111111111110000
00001111000000000000000011110000
00001111000000000000000011110000
00001111000000000000000011111000
00001111000000000000000011111000
00011111000000000000000001111100
00011110000000000000000001111100
00111110000000000000000001111100
00111100000000000000000000111100
00111100000000000000000000111100
00111100000000000000000000111110
00111100000000000000000000111110
01111100000000000000000000111110
01111100000000000000000000011110
11111000000000000000000000011111

B
11111111111111111111000000000000
11111111111111111111111000000000
11111111111111111111111110000000
11111111111111111111111111000000
11111111111111111111111111100000
11111111111111111111111111110000
11111100000000000000011111111000
11111100000000000000001111111000
11111100000000000000000111111100
11111100000000000000000011111100
11111100000000000000000001111100
11111100000000000000000001111100
11111100000000000000000001111100
11111100000000000000000001111100
11111100000000000000000001111100
11111100000000000000000001111100
11111100000000000000000001111100
11111100000000000000000011111000
11111100000000000000000111111000
11111100000000000000001111110000
11111100000000000000011111100000
11111111111111111111111111000000
11111111111111111111111110000000
11111111111111111111111110000000
11111111111111111111111111110000
11111111111111111111111111111000
11111100000000000000011111111100
11111100000000000000000111111110
11111100000000000000000001111110
11111100000000000000000000111110
11111100000000000000000000111110
11111100000000000000000000111111
11111100000000000000000000111111
11111100000000000000000000111111
11111100000000000000000000111111
11111100000000000000000000111111
11111100000000000000000000111111
11111100000000000000000000111111
11111100000000000000000000111110
11111100000000000000000000111110
11111100000000000000000001111110
11111100000000000000000011111110
11111100000000000000001111111100
11111111111111111111111111111100
11111111111111111111111111111000
11111111111111111111111111110000
11111111111111111111111111000000
11111111111111111111100000000000

C
00000000000000011111000000000000
00000000000011111111111000000000
00000000001111111111111100000000
00000000111111111111111111000000
00000000111111111111111111100000
00000011111111111111111111100000
00000111111110000000011111110000
00000111111100000000001111111000
00001111110000000000000011111100
00011111100000000000000001111100
00011111000000000000000001111110
00011111000000000000000000111110
00111110000000000000000000011110
00111110000000000000000000011110
00111100000000000000000000011100
01111100000000000000000000000000
01111000000000000000000000000000
11111000000000000000000000000000
11111000000000000000000000000000
11111000000000000000000000000000
11111000000000000000000000000000
11111000000000000000000000000000
11111000000000000000000000000000
11111000000000000000000000000000
11111000000000000000000000000000
11111000000000000000000000000000
11111000000000000000000000000000
11111000000000000000000000000000
11111000000000000000000000000000
11111000000000000000000000000000
11111000000000000000000000000000
01111000000000000000000000000000
01111100000000000000000000011110
01111100000000000000000000011111
00111100000000000000000000011110
00111110000000000000000000011110
00011110000000000000000000011110
00011111000000000000000000111110
00011111000000000000000001111110
00011111100000000000000011111100
00001111110000000000000111111000
00000111111100000000001111111000
00000111111110000000111111110000
00000011111111111111111111100000
00000001111111111111111111100000
00000000111111111111111111000000
00000000011111111111111100000000
00000000000000011111000000000000

D
11111111111111111100000000000000
11111111111111111111110000000000
11111111111111111111111100000000
11111111111111111111111110000000
11111111111111111111111111000000
11111111111111111111111111100000
11111000000000000001111111110000
11111000000000000000011111110000
11111000000000000000001111110000
11111000000000000000000111111000
11111000000000000000000011111100
11111000000000000000000001111100
11111000000000000000000001111110
11111000000000000000000000111110
11111000000000000000000000111110
11111000000000000000000000111110
11111000000000000000000000111110
11111000000000000000000000011110
11111000000000000000000000011110
11111000000000000000000000011111
11111000000000000000000000011111
11111000000000000000000000011111
11111000000000000000000000011111
11111000000000000000000000011111
11111000000000000000000000011111
11111000000000000000000000011111
11111000000000000000000000011111
11111000000000000000000000011111
11111000000000000000000000011111
11111000000000000000000000011111
11111000000000000000000000011110
11111000000000000000000000011110
11111000000000000000000000111110
11111000000000000000000000111110
11111000000000000000000000111110
11111000000000000000000001111110
11111000000000000000000001111100
11111000000000000000000001111100
11111000000000000000000011111000
11111000000000000000000111111000
11111000000000000000001111110000
11111000000000000000011111110000
11111000000000000001111111110000
11111111111111111111111111100000
11111111111111111111111111000000
11111111111111111111111110000000
11111111111111111111111000000000
11111111111111111100000000000000

E
11111111111111111111111111111110
11111111111111111111111111111110
11111111111111111111111111111110
11111111111111111111111111111110
11111111111111111111111111111110
11111111111111111111111111111110
11111100000000000000000000000000
11111100000000000000000000000000
11111100000000000000000000000000
11111100000000000000000000000000
11111100000000000000000000000000
11111100000000000000000000000000
11111100000000000000000000000000
11111100000000000000000000000000
11111100000000000000000000000000
11111100000000000000000000000000
11111100000000000000000000000000
11111100000000000000000000000000
11111100000000000000000000000000
11111100000000000000000000000000
11111100000000000000000000000000
11111111111111111111111111111100
11111111111111111111111111111100
11111111111111111111111111111100
11111111111111111111111111111100
11111111111111111111111111111100
11111100000000000000000000000000
11111100000000000000000000000000
11111100000000000000000000000000
11111100000000000000000000000000
11111100000000000000000000000000
11111100000000000000000000000000
11111100000000000000000000000000
11111100000000000000000000000000
11111100000000000000000000000000
11111100000000000000000000000000
11111100000000000000000000000000
11111100000000000000000000000000
11111100000000000000000000000000
11111100000000000000000000000000
11111100000000000000000000000000
11111100000000000000000000000000
11111100000000000000000000000000
11111111111111111111111111111111
11111111111111111111111111111111
11111111111111111111111111111111
11111111111111111111111111111111
11111111111111111111111111111111

F
11111111111111111111111111111111
11111111111111111111111111111111
11111111111111111111111111111111
11111111111111111111111111111111
11111111111111111111111111111111
11111111111111111111111111111111
11111100000000000000000000000000
11111100000000000000000000000000
11111100000000000000000000000000
11111100000000000000000000000000
11111100000000000000000000000000
11111100000000000000000000000000
11111100000000000000000000000000
11111100000000000000000000000000
11111100000000000000000000000000
11111100000000000000000000000000
11111100000000000000000000000000
11111100000000000000000000000000
11111100000000000000000000000000
11111100000000000000000000000000
11111100000000000000000000000000
11111111111111111111111111111100
11111111111111111111111111111100
11111111111111111111111111111100
11111111111111111111111111111100
11111111111111111111111111111100
11111100000000000000000000000000
11111100000000000000000000000000
11111100000000000000000000000000
11111100000000000000000000000000
11111100000000000000000000000000
11111100000000000000000000000000
11111100000000000000000000000000
11111100000000000000000000000000
11111100000000000000000000000000
11111100000000000000000000000000
11111100000000000000000000000000
11111100000000000000000000000000
11111100000000000000000000000000
11111100000000000000000000000000
11111100000000000000000000000000
11111100000000000000000000000000
11111100000000000000000000000000
11111100000000000000000000000000
11111100000000000000000000000000
11111100000000000000000000000000
11111100000000000000000000000000
11111100000000000000000000000000

G
00000000000000011111100000000000
00000000000011111111111000000000
00000000001111111111111110000000
00000000011111111111111111100000
00000001111111111111111111100000
00000001111111111111111111110000
00000011111111000000011111111000
00000111111100000000000111111000
00001111110000000000000001111100
00001111100000000000000000111110
00011111100000000000000000111110
00011111000000000000000000011110
00011110000000000000000000011110
00011110000000000000000000011110
00111110000000000000000000011110
00111110000000000000000000000000
01111100000000000000000000000000
01111100000000000000000000000000
01111000000000000000000000000000
01111000000000000000000000000000
11111000000000000000000000000000
11111000000000000000000000000000
11111000000000000000000000000000
11111000000000000000000000000000
11111000000000000011111111111111
11111000000000000011111111111111
11111000000000000011111111111111
11111000000000000011111111111111
11111000000000000011111111111111
11111000000000000000000000001111
01111000000000000000000000001111
01111000000000000000000000001111
01111100000000000000000000001111
00111100000000000000000000001111
00111110000000000000000000001111
00111110000000000000000000001111
00011110000000000000000000001111
00011111000000000000000000001111
00011111100000000000000000001111
00001111100000000000000000011111
00000111111000000000000001111111
00000111111100000000000111111110
00000011111111000000011111111110
00000001111111111111111111111000
00000000111111111111111111111000
00000000011111111111111111100000
00000000000111111111111110000000
00000000000000011111100000000000

H
11111000000000000000000000001111
11111000000000000000000000001111
11111000000000000000000000001111
11111000000000000000000000001111
11111000000000000000000000001111
11111000000000000000000000001111
11111000000000000000000000001111
11111000000000000000000000001111
11111000000000000000000000001111
11111000000000000000000000001111
11111000000000000000000000001111
11111000000000000000000000001111
11111000000000000000000000001111
11111000000000000000000000001111
11111000000000000000000000001111
11111000000000000000000000001111
11111000000000000000000000001111
11111000000000000000000000001111
11111000000000000000000000001111
11111000000000000000000000001111
11111111111111111111111111111111
11111111111111111111111111111111
11111111111111111111111111111111
11111111111111111111111111111111
11111111111111111111111111111111
11111000000000000000000000001111
11111000000000000000000000001111
11111000000000000000000000001111
11111000000000000000000000001111
11111000000000000000000000001111
11111000000000000000000000001111
11111000000000000000000000001111
11111000000000000000000000001111
11111000000000000000000000001111
11111000000000000000000000001111
11111000000000000000000000001111
11111000000000000000000000001111
11111000000000000000000000001111
11111000000000000000000000001111
11111000000000000000000000001111
11111000000000000000000000001111
11111000000000000000000000001111
11111000000000000000000000001111
11111000000000000000000000001111
11111000000000000000000000001111
11111000000000000000000000001111
11111000000000000000000000001111
11111000000000000000000000001111

I
11111111111111111111111111111111
11111111111111111111111111111111
11111111111111111111111111111111
11111111111111111111111111111111
11111111111111111111111111111111
11111111111111111111111111111111
11111111111111111111111111111111
11111111111111111111111111111111
11111111111111111111111111111111
11111111111111111111111111111111
11111111111111111111111111111111
11111111111111111111111111111111
11111111111111111111111111111111
11111111111111111111111111111111
11111111111111111111111111111111
11111111111111111111111111111111
11111111111111111111111111111111
11111111111111111111111111111111
11111111111111111111111111111111
11111111111111111111111111111111
11111111111111111111111111111111
11111111111111111111111111111111
11111111111111111111111111111111
11111111111111111111111111111111
11111111111111111111111111111111
11111111111111111111111111111111
11111111111111111111111111111111
11111111111111111111111111111111
11111111111111111111111111111111
11111111111111111111111111111111
11111111111111111111111111111111
11111111111111111111111111111111
11111111111111111111111111111111
11111111111111111111111111111111
11111111111111111111111111111111
11111111111111111111111111111111
11111111111111111111111111111111
11111111111111111111111111111111
11111111111111111111111111111111
11111111111111111111111111111111
11111111111111111111111111111111
11111111111111111111111111111111
11111111111111111111111111111111
11111111111111111111111111111111
11111111111111111111111111111111
11111111111111111111111111111111
11111111111111111111111111111111
11111111111111111111111111111111

J
00000000000000000000000000111111
00000000000000000000000000111111
00000000000000000000000000111111
00000000000000000000000000111111
00000000000000000000000000111111
00000000000000000000000000111111
00000000000000000000000000111111
00000000000000000000000000111111
00000000000000000000000000111111
00000000000000000000000000111111
00000000000000000000000000111111
00000000000000000000000000111111
00000000000000000000000000111111
00000000000000000000000000111111
00000000000000000000000000111111
00000000000000000000000000111111
00000000000000000000000000111111
00000000000000000000000000111111
00000000000000000000000000111111
00000000000000000000000000111111
00000000000000000000000000111111
00000000000000000000000000111111
00000000000000000000000000111111
00000000000000000000000000111111
00000000000000000000000000111111
00000000000000000000000000111111
00000000000000000000000000111111
00000000000000000000000000111111
00000000000000000000000000111111
00000000000000000000000000111111
00000000000000000000000000111111
00000000000000000000000000111111
00000000000000000000000000111111
00000000000000000000000000111111
00000110000000000000000000111111
11111110000000000000000000111111
11111110000000000000000000111111
11111110000000000000000000111111
00111111100000000000000001111111
00111111100000000000000001111110
00111111110000000000000111111110
00011111111000000000001111111110
00011111111100000000011111111100
00001111111111111111111111111100
00001111111111111111111111111000
00000111111111111111111111110000
00000011111111111111111111000000
00000000000001111111000000000000

K
11111000000000000000000001111110
11111000000000000000000001111110
11111000000000000000000011111100
11111000000000000000000111111000
11111000000000000000001111110000
11111000000000000000011111110000
11111000000000000000011111100000
11111000000000000000111111000000
11111000000000000001111110000000
11111000000000000011111110000000
11111000000000000011111100000000
11111000000000000111111000000000
11111000000000011111100000000000
11111000000000111111100000000000
11111000000000111111000000000000
11111000000001111110000000000000
11111000000011111100000000000000
11111000000111111100000000000000
11111000000111111000000000000000
11111000001111110000000000000000
11111000011111100000000000000000
11111000111111110000000000000000
11111001111111111000000000000000
11111001111111111000000000000000
11111111111011111100000000000000
11111111110001111110000000000000
11111111100000111110000000000000
11111111000000111111000000000000
11111110000000111111100000000000
11111110000000011111100000000000
11111100000000011111100000000000
11111000000000001111110000000000
11111000000000000111111000000000
11111000000000000011111000000000
11111000000000000011111100000000
11111000000000000011111110000000
11111000000000000001111110000000
11111000000000000000111111000000
11111000000000000000011111100000
11111000000000000000011111110000
11111000000000000000011111110000
11111000000000000000001111110000
11111000000000000000000111111000
11111000000000000000000111111100
11111000000000000000000011111100
11111000000000000000000001111110
11111000000000000000000001111110
11111000000000000000000000111111

L
11111110000000000000000000000000
11111110000000000000000000000000
11111110000000000000000000000000
11111110000000000000000000000000
11111110000000000000000000000000
11111110000000000000000000000000
11111110000000000000000000000000
11111110000000000000000000000000
11111110000000000000000000000000
11111110000000000000000000000000
11111110000000000000000000000000
11111110000000000000000000000000
11111110000000000000000000000000
11111110000000000000000000000000
11111110000000000000000000000000
11111110000000000000000000000000
11111110000000000000000000000000
11111110000000000000000000000000
11111110000000000000000000000000
11111110000000000000000000000000
11111110000000000000000000000000
11111110000000000000000000000000
11111110000000000000000000000000
11111110000000000000000000000000
11111110000000000000000000000000
11111110000000000000000000000000
11111110000000000000000000000000
11111110000000000000000000000000
11111110000000000000000000000000
11111110000000000000000000000000
11111110000000000000000000000000
11111110000000000000000000000000
11111110000000000000000000000000
11111110000000000000000000000000
11111110000000000000000000000000
11111110000000000000000000000000
11111110000000000000000000000000
11111110000000000000000000000000
11111110000000000000000000000000
11111110000000000000000000000000
11111110000000000000000000000000
11111110000000000000000000000000
11111110000000000000000000000000
11111111111111111111111111111111
11111111111111111111111111111111
11111111111111111111111111111111
11111111111111111111111111111111
11111111111111111111111111111111

M
11111110000000000000000000111111
11111110000000000000000000111111
11111111000000000000000000111111
11111111000000000000000000111111
11111111000000000000000001111111
11111111000000000000000001111111
11111111000000000000000001111111
11110111000000000000000011111111
11110111100000000000000011111111
11110111100000000000000011111111
11110011100000000000000011101111
11110011110000000000000011101111
11110011110000000000000111001111
11110011110000000000000111001111
11110011110000000000000111001111
11110001110000000000001111001111
11110001110000000000001111001111
11110001111000000000001111001111
11110001111000000000001110001111
11110000111000000000001110001111
11110000111100000000001110001111
11110000111100000000001100001111
11110000111100000000011100001111
11110000111100000000011100001111
11110000011100000000111100001111
11110000011110000000111100001111
11110000011110000000111000001111
11110000001110000000111000001111
11110000001111000000111000001111
11110000001111000000110000001111
11110000001111000001110000001111
11110000001111000001110000001111
11110000001111000001110000001111
11110000000111000011110000001111
11110000000111100011110000001111
11110000000111100011110000001111
11110000000011110011100000001111
11110000000011110011100000001111
11110000000011110111000000001111
11110000000011110111000000001111
11110000000011110111000000001111
11110000000001111111000000001111
11110000000001111111000000001111
11110000000001111111000000001111
11110000000000111110000000001111
11110000000000111110000000001111
11110000000000111110000000001111
11110000000000111100000000001111

N
11111100000000000000000000001111
11111100000000000000000000001111
11111110000000000000000000001111
11111111000000000000000000001111
11111111000000000000000000001111
11111111000000000000000000001111
11111111100000000000000000001111
11111111100000000000000000001111
11111111110000000000000000001111
11111111111000000000000000001111
11111111111000000000000000001111
11111011111100000000000000001111
11111001111100000000000000001111
11111000111110000000000000001111
11111000111110000000000000001111
11111000111111000000000000001111
11111000011111100000000000001111
11111000011111100000000000001111
11111000001111110000000000001111
11111000001111110000000000001111
11111000000111110000000000001111
11111000000011111000000000001111
11111000000011111100000000001111
11111000000011111100000000001111
11111000000001111111000000001111
11111000000000111111000000001111
11111000000000011111000000001111
11111000000000011111100000001111
11111000000000001111100000001111
11111000000000001111110000001111
11111000000000001111111000001111
11111000000000000111111000001111
11111000000000000011111100001111
11111000000000000011111100001111
11111000000000000001111100001111
11111000000000000000111110001111
11111000000000000000111111001111
11111000000000000000011111111111
11111000000000000000011111111111
11111000000000000000001111111111
11111000000000000000000111111111
11111000000000000000000111111111
11111000000000000000000011111111
11111000000000000000000011111111
11111000000000000000000011111111
11111000000000000000000001111111
11111000000000000000000000111111
11111000000000000000000000011111

O
00000000000000111110000000000000
00000000000111111111110000000000
00000000011111111111111100000000
00000000111111111111111110000000
00000001111111111111111111000000
00000011111111111111111111100000
00000011111110000000111111110000
00000111111000000000001111110000
00001111100000000000000011111000
00011111000000000000000011111100
00011111000000000000000001111100
00111110000000000000000000111100
00111100000000000000000000111110
00111100000000000000000000111110
00111100000000000000000000011110
01111100000000000000000000011110
01111000000000000000000000001111
01111000000000000000000000001111
11111000000000000000000000001111
11111000000000000000000000001111
11111000000000000000000000001111
11110000000000000000000000001111
11110000000000000000000000001111
11110000000000000000000000001111
11110000000000000000000000001111
11110000000000000000000000001111
11110000000000000000000000001111
11110000000000000000000000001111
11110000000000000000000000001111
11111000000000000000000000001111
11111000000000000000000000001111
11111000000000000000000000001111
01111100000000000000000000001110
01111100000000000000000000011110
00111100000000000000000000011110
00111100000000000000000000111110
00111110000000000000000000111110
00111110000000000000000000111100
00011111000000000000000001111100
00011111000000000000000011111100
00001111110000000000000111111000
00000111111000000000001111110000
00000011111110000000111111110000
00000011111111111111111111100000
00000001111111111111111111000000
00000000111111111111111110000000
00000000001111111111111100000000
00000000000000111110000000000000

P
11111111111111111111100000000000
11111111111111111111111110000000
11111111111111111111111111100000
11111111111111111111111111110000
11111111111111111111111111111000
11111111111111111111111111111100
11111000000000000000000111111100
11111000000000000000000011111110
11111000000000000000000001111110
11111000000000000000000001111110
11111000000000000000000000111110
11111000000000000000000000111110
11111000000000000000000000011111
11111000000000000000000000011111
11111000000000000000000000011111
11111000000000000000000000011111
11111000000000000000000000011110
11111000000000000000000000011110
11111000000000000000000000111110
11111000000000000000000000111110
11111000000000000000000001111110
11111000000000000000000011111110
11111000000000000000000111111110
11111000000000000000001111111100
11111111111111111111111111110000
11111111111111111111111111100000
11111111111111111111111111100000
11111111111111111111111100000000
11111111111111111111000000000000
11111000000000000000000000000000
11111000000000000000000000000000
11111000000000000000000000000000
11111000000000000000000000000000
11111000000000000000000000000000
11111000000000000000000000000000
11111000000000000000000000000000
11111000000000000000000000000000
11111000000000000000000000000000
11111000000000000000000000000000
11111000000000000000000000000000
11111000000000000000000000000000
11111000000000000000000000000000
11111000000000000000000000000000
11111000000000000000000000000000
11111000000000000000000000000000
11111000000000000000000000000000
11111000000000000000000000000000
11111000000000000000000000000000

Q
00000000000000111100000000000000
00000000000111111111100000000000
00000000011111111111111000000000
00000000111111111111111100000000
00000001111111111111111110000000
00000011111111111111111111000000
00000111111000000000011111100000
00001111110000000000001111110000
00001111100000000000000111110000
00001111100000000000000011111000
00011111000000000000000001111000
00111110000000000000000001111100
00111110000000000000000000111100
00111100000000000000000000111100
00111100000000000000000000111110
00111100000000000000000000111110
01111100000000000000000000011110
01111000000000000000000000011110
01111000000000000000000000011110
01111000000000000000000000011110
01111000000000000000000000011110
11111000000000000000000000001110
11111000000000000000000000001110
11111000000000000000000000001110
11111000000000000000000000001110
11111000000000000000000000001110
01111000000000000000000000011110
01111000000000000000000000011110
01111000000000000000000000011110
01111100000000000000000000011110
01111100000000000000000000111110
00111100000000000000000000111110
00111100000000000000000000111100
00111110000000000000000000111100
00111110000000000111000001111100
00011110000000000111100001111100
00011111000000000111110001111000
00001111100000000011111111110000
00001111110000000001111111110000
00000111111000000000011111100000
00000011111110000001111111100000
00000011111111111111111111110000
00000000111111111111111111111100
00000000011111111111111001111110
00000000000111111111100000111111
00000000000000111110000000111111
00000000000000000000000000001110
00000000000000000000000000000010

R
11111111111111111111000000000000
11111111111111111111111100000000
11111111111111111111111110000000
11111111111111111111111111000000
11111111111111111111111111100000
11111111111111111111111111100000
11111000000000000000111111110000
11111000000000000000001111110000
11111000000000000000000111111000
11111000000000000000000111111000
11111000000000000000000011111000
11111000000000000000000011111000
11111000000000000000000011111000
11111000000000000000000011111000
11111000000000000000000011111000
11111000000000000000000011111000
11111000000000000000000011111000
11111000000000000000000011111000
11111000000000000000000111110000
11111000000000000000001111110000
11111000000000000000001111100000
11111000000000000000111111100000
11111111111111111111111111100000
11111111111111111111111110000000
11111111111111111111111000000000
11111111111111111111000000000000
11111111111111111111000000000000
11111000000000011111100000000000
11111000000000001111110000000000
11111000000000000111110000000000
11111000000000000111111000000000
11111000000000000011111100000000
11111000000000000001111100000000
11111000000000000001111100000000
11111000000000000000111110000000
11111000000000000000111111000000
11111000000000000000011111100000
11111000000000000000001111100000
11111000000000000000001111100000
11111000000000000000001111110000
11111000000000000000001111111000
11111000000000000000000111111000
11111000000000000000000011111000
11111000000000000000000011111000
11111000000000000000000011111100
11111000000000000000000001111110
11111000000000000000000001111110
11111000000000000000000000111111

S
00000000000001111110000000000000
00000000011111111111111000000000
00000000111111111111111100000000
00000011111111111111111111000000
00000111111111111111111111110000
00001111111111111111111111110000
00001111111100000000011111111000
00011111100000000000000111111000
00111111000000000000000011111100
00111110000000000000000001111110
00111110000000000000000001111110
00111110000000000000000000111110
00111100000000000000000000111110
00111110000000000000000000111110
00111110000000000000000000000000
00111110000000000000000000000000
00111111000000000000000000000000
00011111100000000000000000000000
00011111111000000000000000000000
00001111111110000000000000000000
00001111111111110000000000000000
00000111111111111111000000000000
00000011111111111111110000000000
00000001111111111111111100000000
00000000000011111111111111110000
00000000000000111111111111111000
00000000000000000111111111111100
00000000000000000000111111111110
00000000000000000000000111111110
00000000000000000000000011111110
00000000000000000000000001111110
00000000000000000000000000111111
11110000000000000000000000001111
11111000000000000000000000001111
11111000000000000000000000001111
11111000000000000000000000001111
11111100000000000000000000001111
11111100000000000000000000001111
01111110000000000000000000011110
01111110000000000000000000011110
00111111100000000000000001111110
00011111111000000000000011111100
00001111111100000000001111111100
00001111111111111111111111111000
00000111111111111111111111110000
00000011111111111111111111100000
00000000111111111111111111000000
00000000000000111111000000000000

T
11111111111111111111111111111111
11111111111111111111111111111111
11111111111111111111111111111111
11111111111111111111111111111111
11111111111111111111111111111111
11111111111111111111111111111111
00000000000000111110000000000000
00000000000000111110000000000000
00000000000000111110000000000000
00000000000000111110000000000000
00000000000000111110000000000000
00000000000000111110000000000000
00000000000000111110000000000000
00000000000000111110000000000000
00000000000000111110000000000000
00000000000000111110000000000000
00000000000000111110000000000000
00000000000000111110000000000000
00000000000000111110000000000000
00000000000000111110000000000000
00000000000000111110000000000000
00000000000000111110000000000000
00000000000000111110000000000000
00000000000000111110000000000000
00000000000000111110000000000000
00000000000000111110000000000000
00000000000000111110000000000000
00000000000000111110000000000000
00000000000000111110000000000000
00000000000000111110000000000000
00000000000000111110000000000000
00000000000000111110000000000000
00000000000000111110000000000000
00000000000000111110000000000000
00000000000000111110000000000000
00000000000000111110000000000000
00000000000000111110000000000000
00000000000000111110000000000000
00000000000000111110000000000000
00000000000000111110000000000000
00000000000000111110000000000000
00000000000000111110000000000000
00000000000000111110000000000000
00000000000000111110000000000000
00000000000000111110000000000000
00000000000000111110000000000000
00000000000000111110000000000000
00000000000000111110000000000000

U
11111000000000000000000000001111
11111000000000000000000000001111
11111000000000000000000000001111
11111000000000000000000000001111
11111000000000000000000000001111
11111000000000000000000000001111
11111000000000000000000000001111
11111000000000000000000000001111
11111000000000000000000000001111
11111000000000000000000000001111
11111000000000000000000000001111
11111000000000000000000000001111
11111000000000000000000000001111
11111000000000000000000000001111
11111000000000000000000000001111
11111000000000000000000000001111
11111000000000000000000000001111
11111000000000000000000000001111
11111000000000000000000000001111
11111000000000000000000000001111
11111000000000000000000000001111
11111000000000000000000000001111
11111000000000000000000000001111
11111000000000000000000000001111
11111000000000000000000000001111
11111000000000000000000000001111
11111000000000000000000000001111
11111000000000000000000000001111
11111000000000000000000000001111
11111000000000000000000000001111
11111000000000000000000000001111
11111000000000000000000000011111
11111000000000000000000000011111
11111100000000000000000000011111
11111100000000000000000000011110
01111100000000000000000000011110
01111100000000000000000000011110
01111110000000000000000000111110
00111111000000000000000001111110
00111111000000000000000011111110
00011111100000000000000011111100
00011111110000000000000111111100
00001111111100000000011111111000
00001111111111111111111111110000
00000111111111111111111111110000
00000011111111111111111111100000
00000000111111111111111110000000
00000000000001111111000000000000

V
11111000000000000000000000001111
11111000000000000000000000011111
11111000000000000000000000011110
01111100000000000000000000011110
01111100000000000000000000011110
00111100000000000000000000011110
00111110000000000000000000111110
00111110000000000000000000111100
00011110000000000000000000111100
00011110000000000000000001111100
00011110000000000000000001111000
00011111000000000000000001111000
00001111000000000000000001111000
00001111100000000000000011111000
00000111100000000000000011110000
00000111100000000000000011110000
00000111100000000000000111100000
00000111100000000000000111100000
00000111100000000000000111100000
00000011110000000000000111100000
00000011110000000000000111100000
00000011111000000000001111000000
00000001111000000000001111000000
00000001111000000000001111000000
00000001111100000000011110000000
00000001111100000000111110000000
00000000111100000000111110000000
00000000111100000000111110000000
00000000111100000000111100000000
00000000011110000000111100000000
00000000011110000000111000000000
00000000011111000001111000000000
00000000011111000001111000000000
00000000011111000011111000000000
00000000001111000011111000000000
00000000001111000011110000000000
00000000000111100011110000000000
00000000000111100011100000000000
00000000000011100111100000000000
00000000000011110111000000000000
00000000000011110111000000000000
00000000000011111111000000000000
00000000000011111111000000000000
00000000000001111111000000000000
00000000000001111110000000000000
00000000000001111110000000000000
00000000000000111110000000000000
00000000000000111100000000000000

W
11110000000000111100000000000111
01110000000000111100000000000110
01110000000000111110000000000110
01110000000000111110000000000110
01110000000000111110000000001110
01110000000000111110000000001110
01110000000001111110000000001110
01110000000001110110000000001110
01111000000001110110000000001110
00111000000001110111000000001110
00111000000001110111000000001110
00111000000001100111000000001110
00111000000001100111000000011100
00111000000011100111000000011100
00111000000011100011000000011100
00111000000011100011100000011100
00011100000011100011100000011100
00011100000011000011100000011100
00011100000011000011100000011100
00011100000011000011100000011000
00011100000111000011100000111000
00011100000111000001100000111000
00011100000111000001100000111000
00001100000111000001100000111000
00001110000110000001100000111000
00001110000110000001110000110000
00001110000110000001110000110000
00001110000110000000110001110000
00001110000110000000110001110000
00001110000110000000110001110000
00000110001110000000110001110000
00000110001100000000110001110000
00000111001100000000110001110000
00000111001100000000111001100000
00000111001100000000111001100000
00000111001100000000011001100000
00000111011100000000011011100000
00000011011000000000011011100000
00000011011000000000011011100000
00000011011000000000011011000000
00000011011000000000011011000000
00000011111000000000011111000000
00000011111000000000011111000000
00000011111000000000011111000000
00000001111000000000011111000000
00000001111000000000001111000000
00000001111000000000001110000000
00000001110000000000001110000000

X
00111110000000000000000000011110
00011110000000000000000000111110
00011111000000000000000001111100
00011111100000000000000001111000
00001111100000000000000001111000
00000111100000000000000011111000
00000111110000000000000111110000
00000111111000000000000111100000
00000011111000000000000111100000
00000011111100000000001111100000
00000001111100000000011111000000
00000001111110000000111111000000
00000000111111000000111110000000
00000000011111000001111100000000
00000000011111000011111100000000
00000000011111100011111000000000
00000000001111110011111000000000
00000000000111110111110000000000
00000000000011110111110000000000
00000000000011111111100000000000
00000000000011111111000000000000
00000000000001111111000000000000
00000000000001111111000000000000
00000000000000111110000000000000
00000000000001111111000000000000
00000000000001111111000000000000
00000000000011111111100000000000
00000000000011111111100000000000
00000000000111111111110000000000
00000000000111110111111000000000
00000000001111100011111000000000
00000000011111100011111000000000
00000000011111000011111100000000
00000000011111000001111110000000
00000000111110000001111110000000
00000001111110000000111110000000
00000001111100000000011111000000
00000011111100000000011111100000
00000111111000000000001111100000
00000111110000000000000111110000
00000111100000000000000111110000
00001111100000000000000111111000
00011111100000000000000011111000
00011111000000000000000011111000
00011111000000000000000001111100
00111110000000000000000001111110
01111110000000000000000000111110
11111100000000000000000000011111

Y
11111100000000000000000000011111
11111100000000000000000000011110
01111110000000000000000000111110
00111110000000000000000000111110
00111110000000000000000001111100
00011111000000000000000001111000
00011111000000000000000001111000
00011111100000000000000011111000
00001111100000000000000111110000
00000111100000000000000111110000
00000111110000000000000111100000
00000111111000000000001111100000
00000011111100000000011111000000
00000001111100000000111110000000
00000001111100000000111110000000
00000001111110000000111110000000
00000000111111000001111100000000
00000000011111000001111000000000
00000000011111000011111000000000
00000000011111000011111000000000
00000000001111100011110000000000
00000000001111110111110000000000
00000000000111110111100000000000
00000000000011111111000000000000
00000000000011111111000000000000
00000000000001111110000000000000
00000000000001111110000000000000
00000000000000111100000000000000
00000000000000111100000000000000
00000000000000111100000000000000
00000000000000111100000000000000
00000000000000111100000000000000
00000000000000111100000000000000
00000000000000111100000000000000
00000000000000111100000000000000
00000000000000111100000000000000
00000000000000111100000000000000
00000000000000111100000000000000
00000000000000111100000000000000
00000000000000111100000000000000
00000000000000111100000000000000
00000000000000111100000000000000
00000000000000111100000000000000
00000000000000111100000000000000
00000000000000111100000000000000
00000000000000111100000000000000
00000000000000111100000000000000
00000000000000111100000000000000

Z
00011111111111111111111111111110
00011111111111111111111111111110
00011111111111111111111111111110
00011111111111111111111111111110
00011111111111111111111111111110
00011111111111111111111111111110
00000000000000000000000001111110
00000000000000000000000011111110
00000000000000000000000011111100
00000000000000000000000111111000
00000000000000000000000111110000
00000000000000000000001111110000
00000000000000000000111111100000
00000000000000000000111111000000
00000000000000000000111111000000
00000000000000000001111110000000
00000000000000000011111100000000
00000000000000000111111100000000
00000000000000001111111000000000
00000000000000001111111000000000
00000000000000001111110000000000
00000000000000011111100000000000
00000000000000111111000000000000
00000000000001111111000000000000
00000000000011111110000000000000
00000000000011111100000000000000
00000000000111111000000000000000
00000000000111110000000000000000
00000000001111110000000000000000
00000000011111110000000000000000
00000000111111100000000000000000
00000000111111000000000000000000
00000000111110000000000000000000
00000001111110000000000000000000
00000011111100000000000000000000
00000111111100000000000000000000
00001111110000000000000000000000
00001111110000000000000000000000
00011111100000000000000000000000
00111111000000000000000000000000
01111111000000000000000000000000
01111110000000000000000000000000
11111100000000000000000000000000
11111111111111111111111111111111
11111111111111111111111111111111
11111111111111111111111111111111
11111111111111111111111111111111
11111111111111111111111111111111

